138
276
54
192
330
108
246
24
162
300
78
216
354
132
270
48
186
324
102
240
18
156
294
72
210
348
126
264
42
180
318
96
234
12
150
288
66
204
342
120
258
36
174
312
90
228
6
144
282
60
198
336
114
252
30
168
306
84
222
360
138
276
54
192
330
108
246
24
162
300
78
216
354
132
270
48
186
324
102
240
18
156
294
72
210
348
126
264
42
180
318
96
234
12
150
288
66
204
342
120
258
36
174
312
90
228
6
144
282
60
198
336
114
252
30
168
306
84
222
360
138
276
54
192
330
108
246
24
162
300
78
216
354
132
270
48
186
324
102
240
18
156
294
72
210
348
126
264
42
180
318
96
234
12
150
288
66
204
342
120
258
36
174
312
90
228
6
144
282
60
198
336
114
252
30
168
306
84
222
360
138
276
54
192
330
108
246
24
162
300
78
216
354
132
270
48
186
324
102
240
18
156
294